198841
254804
167590
164550
106281
12642
275314
47483
137514
125342
185402
157778
56427
242981
27795
42382
251902
186576
231873
92816
194183
100182
51962
244205
106097
126690
12348
263822
79942
152430
127769
57903
125330
13456
222453
231611
87122
276887
58215
224636
120325
22737
161534
237776
265718
250354
280158
235717
155026
9248
107653
128329
109430
159615
151654
215528
65425
225026
258470
206391
95552
104336
264294
220882
178816
265867
231614
265938
260850
7925
269694
160295
91686
210348
177191
75500
178798
175446
90337
112944
245718
197991
20393
134268
136726
233071
128916
202152
176194
105483
126639
271746
270843
170054
271749
167755
154017
579
212813
193988
69528
200603
133403
161214
190071
28691
236714
147990
265161
106172
40054
228975
83283
60448
81339
281033
11615
271280
201281
187809
94859
107041
238676
83798
56215
7641
30673
271256
8220
243486
183340
77748
223209
34840
238962
131376
124555
254796
279366
107812
79064
37517
54883
223371
158989
197246
222501
170604
186622
141878
137534
60601
28039
155330
205423
84254
223995
236096
134631
232215
258702
36067
89083
200007
131931
107165
49480
256486
80057
107966
82394
220146
206507
198301
161613
83592
174668
102210
33317
140410
23209
231875
201012
51248
166325
185555
196527
108416
139748
49254
119751
116546
146345
208834
34650
57397
34095
145154
31979
114152
32240
175398
113418
238748
152819
275032
101460
45583
95338
195801
247018
118547
145772
227150
230820
30193
130801
145443
138609
270549
255721
258360
166216
120162
246314
261890
177559
59529
186164
270563
234706
218404
225081
66220
236272
95996
59348
55829
202604
154687
251630
228742
52354
176523
173988
1270
206716
22885
207737
124446
72555
181554
161926
17891
80837
187361
279781
37516
246890
184041
87199
199692
181565
30376
265913
135934
187397
104381
252787
108097
259068
1633
54935
90543
239180
8043
91813
163993
30928
17647
67559
164507
260225
8605
182398
120182
195966
241299
157699
160953
143436
24018
139765
104122
54395
184798
19176
241792
7276
271963
129009
45464
52716
244968
136007
9993
253011
6941
235010
63059
85612
81689
227567
63933
90294
189085
245140
65381
148481
181959
5454
71037
205977
145219
175159
39492
48114
194335
281284
116414
245418
189413
161878
77255
213501
77006
148272
245632
83947
101378
26788
169559
244091
33475
12612
52481
222560
257752
117862
89137
157807
184340
221199
81881
47656
114454
182397
156794
87910
181778
52328
112448
150311
214206
250727
81909
9308
117095
45637
154279
218473
133449
41934
180660
166924
54547
12262
168605
30395
191148
36862
249227
93585
258061
110228
202265
151636
10721
138179
18666
253523
190507
131114
121931
183833
99938
264864
254166
217033
89621
126541
214627
223071
229500
174407
169115
2143
247693
116840
93562
156938
153703
60885
29643
129860
171113
11028
60616
242859
149207
79282
214478
118834
271421
115529
81787
150479
98489
115073
146632
249135
241615
140379
251326
250235
32883
138537
252378
59696
255378
125060
216634
188201
185946
25397
97181
136179
36425
157798
97134
246656
16200
90733
144610
66741
206262
226398
217220
83872
59567
81949
51103
80302
1448
20525
48633
34331
220086
80131
155052
254584
205192
150806
221905
170258
176204
37183
24533
273653
256005
182692
238406
272205
273425
101112
57043
197783
106630
53383
60775
166198
196356
111878
25620
197805
193427
135278
232136
192634
215409
166308
165314
199721
35211
105316
88075
211415
203523
173633
203164
177624
74421
220690
228949
126966
39899
65112
103869
146529
118496
164645
91847
32948
55643
178492
230753
249071
31866
242010
159801
26395
126414
104235
226117
161625
270575
93312
152160
192194
266945
73421
148938
120486
12207
95984
247452
113130
161096
69418
38780
58712
13183
191651
91661
68826
88239
40510
35993
181129
616
256818
268549
188055
140174
273786
67776
128845
85194
219937
100160
131260
72478
28218
251746
145709
124202
217295
258840
64419
65833
76740
123131
79016
268391
214792
147842
135751
34423
244860
96000
96063
219774
82645
2214
78044
74527
131015
267914
220746
69048
147194
70102
141526
175412
39944
66355
78735
36359
43291
143154
102192
181055
45405
242232
167543
39318
169195
82414
134765
132151
178414
230828
131045
261060
233043
209090
114707
82154
256124
53549
212226
121414
123651
132872
14922
224620
199227
93657
260979
21639
15931
142292
202694
122361
102620
88333
161679
271815
231771
14540
183086
128282
24488
32228
168462
257531
20438
1265
118805
276562
115839
110151
177096
239490
243023
192018
182206
221371
64796
161282
243010
141751
82694
163800
43232
185314
31254
204911
236250
42145
280475
137432
170427
23060
169660
118009
59711
190098
119275
239541
245780
14234
128812
140972
253724
150956
112111
215051
90423
237931
155453
112553
97778
238147
55473
141011
202581
86727
125042
156927
189897
184638
12456
78420
268722
243140
257454
107553
151335
94825
65190
115211
170083
255027
256184
141903
124079
86391
136074
214502
103442
9623
106175
201220
26890
161648
121351
229472
27496
25514
104495
217393
210152
177975
74933
257994
139212
50483
83643
69667
206332
209858
184878
94511
182981
220182
15535
25156
85693
151609
18778
189135
161233
185977
169476
249147
65721
69947
196715
93217
95461
80331
89730
84733
258306
164664
60823
176638
215147
205491
246305
139576
133445
210304
234087
95546
148582
249622
181726
13396
180352
261528
202531
59681
165601
151127
87948
231322
221075
2760
103660
95656
83091
193390
241414
120517
137174
81357
15252
70418
4944
261557
271018
199413
189957
2321
13055
117660
251944
194781
131056
211416
174405
112707
50217
58102
42955
138165
68545
264030
140925
233229
138806
3136
144715
98316
123654
281890
179674
138906
131428
245642
179583
120542
163152
148661
122863
176207
266321
153927
89085
176497
83439
42610
68324
133656
161737
111279
271822
230282
154429
191867
181607
72356
195004
105442
170672
97778
166452
129466
15804
15976
93205
195387
197542
35477
123168
38502
211684
168609
253453
79889
63202
116013
122500
192551
28789
63357
82950
79731
11735
237380
271599
254366
27832
245723
138928
259528
61597
23477
168115
77401
100477
40440
51908
16116
75917
175077
115642
5697
61782
148215
146611
186009
264228
48231
96656
11114
111588
179606
90845
123323
196106
141564
156809
3058
105383
13833
41707
228004
98334
209822
23501
198812
29382
75410
214928
105299
250487
109690
172020
91389
257905
36727
277398
19350
84958
153174
30464
257570
111901
182333
160013
87127
103018
34918
90186
269425
109776
192917
215526
208110
120835
18147
125018
150217
93557
119066
34636
123164
7876
206656
275578
265782
22504
50192
3228
168486
203367
94716
144153
94388
56169
22262
181515
220211
118205
50821
207733
227981
243738
141355
154187
143693
159502
58326
73030
32180
177392
107666
216368
185269
93443
210042
230171
176971
260235
12519
63553
242722
168259
268730
55206
224428
70113
15841
162736
188318
127687
149589
134395
150545
70064
67702
12335
229566
126028
146389
40866
82541
33176
257235
46930
126619
246397
56221
82710
3848
68740
207287
246570
236999
194114
80896
240547
264227
157762
182403
231665
3545
50088
145180
154090
120152
212882
227449
128839
118031
152959
230729
261596
186135
267084
26622
91874
231578
143867
174584
235426
212607
99967
261117
228726
73201
60109
248393
116548
217871
209917
66309
536
39125
272513
215651
220302
203492
222220
128261
100643
93275
77086
80335
279410
62267
167981
150404
72965
29944
43084
87511
21671
204076
66724
29517
277277
187858
57030
111922
184849
266947
239255
246410
85193
229865
180157
23591
212477
181497
151852
31216
53893
8058
172575
112423
131349
119676
262828
265338
149620
24008
70946
232315
228084
198694
40952
2578
104648
97982
114500
68618
144050
71851
33124
229243
80836
274305
252834
11409
234922
183806
103649
6911
191864
276224
119335
41310
175020
100259
24744
103760
185291
156714
54171
192496
73505
95123
195074
239177
254130
88694
86915
116276
221569
120039
63615
20502
173464
34545
92935
126483
218351
196585
133394
189335
251929
252729
9765
145046
132108
34510
248806
35496
252248
82098
227992
104873
238245
141162
62147
210471
229856
149062
44843
230545
48222
108458
251047
221686
204027
62079
66265
201498
258664
260684
108930
7809
231509
118695
152855
81714
214229
180782
178234
184574
42000
124322
68567
280245
44604
130714
208813
53580
58897
32776
2221
107119
141235
32389
107925
124382
94468
235215
43977
132252
213995
213931
140061
224624
111746
72037
24434
44072
31939
263692
7766
73939
106110
76333
133304
211738
268072
60213
44438
45065
92990
46660
213208
13345
79049
100253
198751
234541
53564
242728
145913
267559
235779
65094
210280
65622
137131
13834
170718
230094
277527
178484
83153
162757
33937
216458
153616
81129
55791
198054
187218
148781
23834
118522
223150
163907
218776
139998
116544
51460
161846
262457
37116
115722
45648
26516
181344
243803
40350
70158
253018
96997
27762
54267
38875
122723
270725
192491
203853
44613
108641
170191
254418
132476
67834
256689
75503
4706
175807
192048
117190
55749
233625
154306
171471
279273
180822
131935
20293
293
263117
273311
158314
8975
106698
197189
192723
156544
107776
175696
262181
277442
63983
234695
189038
131817
270504
264541
197547
164407
235709
32834
220157
187431
187140
170748
245824
147083
20780
266117
208400
63017
36644
84810
71993
143343
96
264716
79007
168896
219532
59284
225458
1611
12075
132592
133429
61700
176254
49072
226107
130059
81906
225384
35586
48167
114229
60531
256274
196033
105768
182770
259050
203437
267580
110163
125900
46796
153999
204907
215693
91627
264191
159247
93239
55386
70960
226668
117086
247214
54860
61290
156393
197791
65794
253004
245958
180023
31631
220328
155176
137399
182218
193347
58932
228918
21606
245856
275715
175606
168859
270528
46353
151146
208895
139592
206533
279855
145380
41715
24285
261265
164029
180679
177152
229824
151779
141206
188967
183410
140654
62240
99929
101992
34707
219886
49006
56313
183838
42817
11039
70794
31441
57393
1060
19457
258009
207593
17408
182510
28429
41694
222895
253482
222373
118143
262426
153272
38469
230514
54778
240147
10850
215731
60235
106581
214737
109241
162894
116672
213083
234958
248490
244524
71471
249550
43101
47576
236264
60510
9206
43813
163228
232101
76415
164721
129364
56938
36089
167833
5548
151891
126076
77422
85718
247335
184003
79576
74673
126017
196248
5852
79071
223858
29496
150542
252528
72598
259143
267912
194132
47469
90845
75456
58691
167261
240177
188055
3319
276266
135009
69891
207277
261085
208337
72115
226517
171460
151691
80310
15573
127059
86162
155669
69013
176682
85331
100662
28400
62570
86670
222532
171064
177516
16084
229755
123897
256261
196930
127216
29743
50035
197107
237020
90241
123540
88256
95878
74120
239947
176188
89693
85103
41470
24482
215140
218152
109814
33898
246553
233408
181593
248205
122568
138229
264290
131443
262126
17767
46470
107438
108535
96505
83665
124675
186746
268229
212931
720
60445
170975
237932
150138
35198
279402
235645
250338
276675
63555
63357
20444
15059
244950
268649
198652
101275
251035
48191
81497
47923
94661
249959
156458
252191
51720
281133
157033
38045
212161
218778
98490
101232
174806
27748
136430
233329
263393
165888
228100
106068
229245
248544
121128
253315
235289
98900
133710
265445
147091
276231
31464
20873
244286
248946
52184
75126
248175
209217
174195
178432
207115
272685
58784
161042
79554
256238
112467
61043
201247
58663
167112
209612
25303
67360
181024
39712
166260
93854
84277
92471
88182
115741
174368
111588
143807
226552
247739
110079
214890
140030
67631
140101
191836
126416
19239
271390
161774
131706
50529
81117
251393
278665
8826
55816
125145
250874
156553
9501
62824
240830
162997
212030
135692
55461
102739
279499
110
68574
107674
215000
269628
175306
73197
179560
80842
153461
169046
21736
64287
280600
102854
94801
277361
172704
150617
120603
141674
25266
191128
265522
266097
72221
256673
119885
127683
138532
178504
127793
268130
4275
121913
255854
240605
256134
153511
100567
127691
40653
122303
253003
100373
225157
65900
95831
176981
216517
277458
97775
20904
247706
142418
5097
38024
117187
186006
226731
34839
143630
133644
21065
147905
255557
276919
167630
229787
209550
268197
136599
29324
169621
107698
129697
112874
234622
4648
68976
230259
202
166751
251163
27029
27265
35380
65053
205476
506
9880
240315
144137
143524
261380
71162
178201
256396
17913
126084
245066
4206
262683
274390
234851
149501
122184
126846
102219
126832
195822
50575
188059
80669
80858
215088
107935
116239
59261
31507
177769
130165
271823
40002
273689
30419
172189
169986
65935
190102
75190
29098
255332
55970
21584
208280
205471
143768
53222
86811
49721
249044
198410
16900
108833
279268
231988
216768
174627
70369
27396
70493
200534
78339
171519
253343
108758
61804
141425
235718
251906
277639
264816
225335
51705
4496
212735
36297
209289
265957
184132
259010
233097
100638
55030
60026
159026
5114
55915
51750
136507
144335
122243
55137
1794
72882
26576
171576
134687
229025
125390
165713
224760
108302
170168
55586
173823
100999
91883
101208
85052
55135
139338
97269
155773
194368
218320
32895
260506
53355
84645
115109
197690
267912
170246
260508
58891
196822
150180
254602
204967
275571
138411
147823
162993
26676
203409
54912
127675
74412
156120
273752
129547
74578
89117
3416
268946
86557
97336
247548
139912
243005
141777
116722
8134
30119
95326
67025
6061
24627
100747
211028
18294
239158
137972
242311
265834
59477
15320
172630
194914
232464
164478
42557
86163
32715
106998
73205
119273
204334
99874
259185
226459
241651
94004
234593
50891
250354
80738
117976
274981
181485
108125
72395
138740
246097
32803
183694
84694
109147
74420
279608
120731
18018
101286
206894
50734
208284
59220
170007
191738
159094
147288
136293
179865
20412
88983
230756
49887
169721
66829
42964
69303
174954
115360
269067
200171
209187
170857
2961
97454
24398
61690
218185
42416
162976
204200
93150
89356
263420
42277
281094
140610
250590
196507
99595
271002
3586
48448
100009
234332
176301
142974
21731
130375
37454
69918
48642
246641
19895
112627
62191
105317
174317
280376
147734
55389
263696
20004
205769
245212
123306
265983
164942
91992
180587
264538
142114
184173
31082
242124
136601
268407
103194
219356
116878
140648
68394
226544
166409
88290
57267
228600
193607
10705
6192
120461
66094
269889
201490
50984
12317
42892
35063
177260
195908
215650
159894
56118
117920
252000
16338
33641
238503
180556
32118
134501
100324
100512
79141
266733
249826
197432
274453
161530
208137
59766
61111
53352
47751
262601
104336
60068
84613
139399
16448
280521
134170
176342
54736
31210
207462
132098
64851
225085
91775
96969
77682
192099
258506
217847
237953
226428
194400
230502
167078
181657
8364
228190
235009
117139
208887
118465
238232
11597
36985
254680
71238
171155
210143
125974
202365
135701
37193
46336
139907
128968
204330
278613
39163
180932
275581
277116
186480
188077
4835
71655
87830
74223
17941
101960
191363
5948
220425
147691
78569
36530
181491
149808
268709
109730
275782
189170
24552
92095
14627
164459
221063
218957
222192
260227
179009
215869
34559
83585
122042
100418
155240
270897
174642
173181
90953
145125
240154
90498
71936
36819
127029
253427
186627
113834
142278
241530
82125
227854
51721
96752
171433
272785
94829
111721
30228
52958
45687
125811
136543
167729
226230
70904
156722
179992
23205
247675
43213
263359
117294
176173
18275
244323
208720
204902
137277
69094
225552
219402
15044
277274
95274
186477
47275
190103
16295
138527
243061
123006
264338
158725
8831
269688
229629
226578
228800
252834
253373
51133
13410
88763
227306
31685
51182
154123
15707
188460
2337
241260
186982
17382
15750
353
264883
124049
251480
60298
262576
273662
183304
24130
150483
253160
72939
159232
197834
80859
191186
230327
131993
204596
37187
77395
236281
88369
10638
31109
55949
12976
272369
242932
91382
67239
22405
135385
252312
273885
256708
232984
265643
158108
36234
195246
190388
170197
133598
167342
251057
42881
115766
101146
247477
152953
239565
262879
20442
29324
12084
137416
42300
63573
159468
133682
191836
181873
269067
162244
234878
243871
174348
279642
181100
271606
192984
150608
159900
105703
36047
190077
148584
212837
70343
175181
144910
89028
217180
165352
118352
8384
81888
160652
132981
241356
12430
42913
141325
60618
205157
155324
83609
158625
153062
43829
148328
64142
194438
26324
230869
9605
277425
97549
222442
65864
51851
85448
154892
48151
29920
273245
56536
111809
151993
189517
71261
225448
232431
273611
65186
216708
147031
148795
93430
18189
253649
20878
143355
166183
47202
153345
175788
42723
30014
177350
169611
81865
41918
42599
130017
71838
94964
247577
183647
246958
155190
34029
251526
166741
86760
95832
162570
12911
244627
35120
92124
277396
55998
14599
161675
164224
167944
116583
267971
197959
73053
155678
58944
114971
259301
249985
186810
72362
276682
149577
37416
149969
244630
68062
95830
110510
163894
37520
123421
187641
72640
276569
183134
128638
70289
123929
10958
238233
19633
278929
215312
92686
213727
53377
268682
191125
82482
234612
263487
77261
102285
80023
6350
126036
148085
102180
236546
91099
139701
139088
278740
273365
133753
240994
120100
204042
83020
192082
221396
163677
250132
215828
35483
181955
269205
22261
91176
69784
256873
72759
208069
138279
213806
214419
264315
79987
34695
279981
171086
235420
137165
228947
6002
50039
188037
126102
33201
50177
97304
33717
213854
126556
249546
249338
26608
15967
50719
178808
146775
25689
30688
72940
163968
244494
5455
207403
42578
101175
205480
274688
54691
121766
221731
121717
171805
127865
247819
205006
178042
124244
17844
171017
250800
267390
138451
56528
62477
189170
235337
209253
275883
266025
289
218971
228615
5745
205494
50313
167944
129071
43098
1755
29957
43949
123473
201762
232838
150412
185888
190001
274656
203732
79114
22673
250242
278589
79201
30816
246879
32634
240069
240859
77779
19478
238950
85515
86247
162541
135828
254191
70732
239950
255947
100689
1996
97516
81571
234834
247928
267459
142931
19801
250312
1165
42474
218650
279754
182699
249466
244730
276358
207631
264709
72233
227110
221755
157748
92477
163416
72697
64765
13268
30743
38808
113957
32739
197348
195528
46694
224396
242108
189625
244197
210516
251815
65791
147262
249665
248491
114825
273515
242945
101576
256320
94298
107806
257196
252047
200284
138708
42840
265049
151977
134607
82977
45054
167347
280325
240583
275065
222817
200787
182786
246135
129399
213721
30022
55781
181483
278513
170606
173094
18674
51303
147511
112973
159109
183827
144140
77489
101655
248004
121658
253632
100707
204635
77807
47174
264080
97510
40335
266018
16393
2242
230249
206816
215963
260271
41717
176566
36001
212324
67757
115699
263627
276292
7792
201856
178215
151932
279346
279870
179056
119100
30719
58884
102856
108526
106058
85032
206036
207418
69146
1549
270684
17491
269389
204743
56883
29202
99406
153908
20646
228187
269607
63393
222575
277400
265250
179910
208452
41812
238900
166629
221936
269619
225513
42888
157265
110691
188945
81397
97229
258091
143970
86009
54703
192479
69873
172610
221682
230303
44614
21448
176586
93341
84842
178281
149861
129212
76287
137434
171024
33283
22159
111056
82023
26792
214969
239288
137483
122010
99806
13833
159221
243776
99842
213924
154352
169715
165654
155154
118114
271292
176602
12796
82730
40564
252101
11711
169776
107508
149145
119920
201816
232328
230977
1935
259120
164042
20343
175724
65172
120149
189557
224393
143046
68519
217438
76518
238235
101188
10792
135469
90577
248418
209290
234331
7079
179487
246042
237879
5092
174308
75896
206908
124732
85993
269867
162973
29155
8306
117817
94327
189480
86494
97840
111646
155013
33374
249188
111344
134563
259980
25934
225140
5614
235224
238591
73717
132807
202729
29693
137899
95133
166613
123927
280890
31726
172914
161959
60881
242245
58896
216232
149821
145390
32168
40587
18499
65543
7871
190868
261130
46971
216802
265390
52585
170122
222077
187327
21025
203926
217020
219949
78180
162753
122996
77166
194479
14007
18245
34480
256252
77141
29832
185193
1651
123024
225780
20150
249591
12771
272042
228817
120766
206940
212303
234375
156182
213500
139798
238232
135523
135938
237301
213703
16787
139417
69989
272290
153424
88234
85890
188796
226399
115722
153109
228050
17867
158009
27320
267458
170780
17459
214372
70666
3519
205795
23138
159702
137392
223960
177054
272915
77995
132451
265738
155806
271868
53823
207217
204413
142057
11203
172329
147576
187950
43535
93722
205817
201544
121042
191371
151445
138501
184863
1231
203045
108755
24369
80843
246147
27450
37017
16278
105445
169468
112
40371
220456
53935
247588
203989
257016
37912
94415
122688
225862
198974
216410
210799
179638
116572
181290
49179
34194
84250
111435
237239
193005
196828
97202
157248
224278
134219
234550
108843
82807
234662
149215
82383
67717
175923
4469
42829
213835
159908
226541
218817
76978
222071
208736
256616
56739
108123
84916
151957
192373
196351
107292
103474
111275
204494
39842
114674
117833
274392
223517
200640
6270
151852
1120
73987
45872
66613
177840
38827
226521
183501
36765
82619
123668
245501
118355
241431
71720
264295
111485
43213
239766
279801
146687
69138
202392
247553
244836
99345
240041
186449
18082
25431
56398
80226
99418
102270
146839
56378
202121
152480
239879
238886
235099
142667
202484
132574
102195
53324
114966
274704
96538
72828
272601
22345
202990
254113
269899
165922
71555
7156
131492
150661
32588
187890
230887
193030
69280
156846
249409
271401
27422
268408
7504
41641
129172
271012
174215
10487
42432
68301
64311
199994
141130
116032
1460
123240
149266
271359
7259
220821
57635
138751
150602
90223
105761
160609
1350
175041
35551
29879
225562
123997
16383
233066
226662
206579
1294
179997
278090
104751
248299
60497
22841
168549
237554
85325
9885
104916
74780
78168
104857
193440
277943
255459
1759
101800
195188
64133
55961
230739
155036
60644
133856
171420
72830
78614
157119
74125
37731
153306
178876
4126
274827
262741
233699
9597
66163
243585
114513
201967
100873
280394
113503
96913
253949
176287
259737
228257
19540
94819
177092
174577
155463
90068
125117
7413
229706
332
81538
267438
214662
39534
50684
268610
20372
2480
278207
147559
25185
171841
128646
126058
170331
21270
2091
203401
197557
40949
149754
217097
135768
105967
170794
70351
196035
14007
77764
143838
75364
220327
190396
8122
259861
241080
55852
59353
243560
113180
267936
268745
3117
114679
112900
234472
135949
176015
155969
112626
216964
23820
108843
131852
129787
279638
263227
104942
11741
59088
27900
87105
279415
218296
156252
36492
177473
273128
156870
200153
104404
142902
186995
168545
257581
79015
121114
172650
255030
277083
64396
251115
18999
173240
162087
209810
231998
143411
93873
22859
202499
121773
170989
261034
58166
106361
76646
14759
97585
233516
214912
201990
94515
181027
88631
131216
260042
209745
82987
12289
265949
147383
263404
64068
99743
204611
52999
49837
66118
146872
133721
47737
268645
22806
87891
105931
129167
164538
181714
226752
116150
114723
207862
271689
13846
75614
121002
53009
64479
203989
65298
48524
130492
107822
173617
9356
30529
226616
120217
96648
91584
253938
205409
139349
276744
11397
245281
185031
175935
206115
190904
10181
38934
116862
60991
113805
253500
181993
166814
36076
165102
11232
145624
74714
119054
37337
84070
210607
263953
204288
86375
134657
176322
9881
274007
232187
21278
16504
135314
197213
222619
44314
268418
40674
222201
47505
154479
193797
8618
100413
229873
173720
172669
154618
27555
70843
191955
111625
281450
235029
34009
85922
87782
271356
156827
79885
221639
178105
157413
136073
93414
98129
180388
140952
138803
120685
188458
72402
32578
197076
172815
41572
149917
124604
196190
177472
195447
167265
68217
194993
120390
163251
60035
208173
152703
216862
67178
153462
174087
224592
7631
267501
101841
249043
187574
240644
148848
94128
31142
242451
70324
264981
2119
281265
107681
259333
176833
21224
144694
245051
277241
44205
126398
116397
31498
58221
112379
98676
211683
4563
102388
280338
51184
265253
247478
238758
223993
114422
112006
34255
74969
182331
17332
138112
181692
125013
115541
137646
207261
39356
161817
263623
83561
6311
159140
115059
125556
271519
274759
55335
55202
156268
114793
106387
139617
80367
124265
81707
255814
236272
115962
109903
197723
194319
27136
158535
98452
142677
75301
84834
243057
237118
66553
44714
22549
4813
220797
148105
276332
213653
203440
110655
149041
36330
278066
6754
177721
120427
149485
212655
135819
44568
40655
112662
238887
67791
50318
55435
271492
125619
201293
11766
80834
267846
56480
103383
272659
56398
251489
46208
49171
234049
217887
198212
49499
214049
265990
6341
113596
133572
218996
28536
239164
38771
141198
196147
106562
252540
30702
157175
96256
231996
168941
177090
278962
4541
59593
48838
60939
90202
156070
171134
42348
92053
148466
152871
85222
132553
220236
198818
45245
157329
6474
2505
196100
208697
198652
81783
179333
8474
18078
275589
19590
187019
231799
77673
191560
70513
126511
31620
160715
61701
263778
264087
214778
130341
135055
18096
262894
134411
277938
26235
9836
63533
89764
266961
272230
67536
127864
169659
76010
145942
224369
156625
51057
235288
234298
21737
23897
139929
114381
184613
201630
96256
227820
195528
226597
141995
213624
268611
276407
270682
73966
4339
52311
163730
50420
42637
231266
178284
273321
86396
42322
215786
243021
93379
230194
195415
176141
254092
53440
8618
217825
34190
104874
163741
229718
110591
23833
222462
97298
18336
211241
232288
22675
42672
114114
73096
146334
63476
30500
137751
210897
72823
132657
172014
227226
80947
85526
121463
53135
199990
191106
270960
234181
75100
152798
243019
185692
237655
183578
62110
255991
173939
12495
278666
216611
187633
130882
81041
30230
222407
279816
241127
13326
130569
131237
240552
272541
277787
141136
104796
256898
111362
154877
270199
186462
86795
231314
151274
42546
194012
274409
16633
86047
66024
74419
20755
32777
266326
162820
63007
206829
221757
22230
281179
131446
214492
239827
122083
271399
160083
6000
246393
50565
160877
234688
237028
247672
245123
167422
69338
157231
159927
146995
243279
5071
221414
43154
37849
266860
266998
161880
191785
206851
245135
191060
56394
177723
210008
239501
228242
149211
245501
192732
199777
185498
206540
215925
212290
230783
101443
281628
106111
40491
146719
128510
106586
147254
171664
144435
132210
217782
24412
103116
142730
269547
73296
260148
226390
62424
278769
172728
211636
242367
144580
190533
145961
130241
124554
137372
79120
5117
137096
246255
106632
62936
92861
213219
210190
43645
136774
121520
40548
222210
224636
244302
270877
16029
222546
215363
78453
219411
167212
69209
240898
90912
259742
165980
273
163416
21448
140418
168534
219568
165793
54286
600
258655
267505
210790
81420
183400
111431
121968
123706
54163
145390
112680
131216
147056
46139
270694
145588
274375
57999
104582
144408
96862
49682
144681
260278
71130
64219
207932
8795
230013
262219
70419
267788
26940
60330
67304
210340
171761
250297
52143
225924
113783
164823
136261
260840
271986
125051
124524
43578
183050
8226
187986
59032
57909
111787
37407
190063
176007
24459
259882
124116
4774
48398
110000
92739
108728
238328
21175
59609
267745
73318
64653
160649
17261
200914
200609
7344
44061
104253
50922
6232
112479
18028
65264
231412
129815
163695
200596
23918
188155
178574
209058
253953
6092
37154
64788
114820
54603
85964
174429
101468
220306
239083
262117
16688
219117
180822
24032
263179
3171
135978
48531
176675
215030
174819
187207
62941
56611
105899
147884
23886
2570
75038
56959
8662
173217
121748
184507
6940
268736
138056
108408
268162
156259
88622
2946
93473
48564
88002
135772
51736
3100
184303
7531
218130
138242
194738
60192
255877
18734
208076
58883
82328
62234
115843
152014
235451
16711
115641
21511
3543
253698
129920
50825
128053
218542
53772
646
46226
202798
136418
158986
205899
99841
166517
142125
238084
140376
263341
273081
220134
189513
50061
20558
30868
165904
233596
266319
182615
67334
66951
247182
39128
196871
16103
228205
194533
130899
228852
240759
51794
144390
117842
257693
244232
2455
178938
261436
203855
221400
252613
142085
129009
20770
223667
159877
186674
175360
205317
148409
21814
272268
174711
60942
248259
251839
68267
160888
100834
76239
119743
213652
220630
237585
189441
182958
19161
147500
162490
223016
86996
194223
144222
277029
214994
85985
216027
180788
261345
200464
108318
62279
251852
1125
123221
218207
252964
252513
97191
71895
46848
277958
64667
46598
12760
254109
229556
92945
180729
171166
95081
46845
83486
239303
41970
77600
43385
37117
37508
83850
237581
145826
146130
207529
146952
48471
204856
118012
80104
81167
250931
187977
77222
33695
234575
151006
66924
182228
243951
26773
132514
118152
73618
277024
75552
176612
133744
179961
213730
171253
42931
169407
35175
189061
156057
182127
16653
79009
79260
157781
221201
109311
63854
16519
204030
16526
228549
50074
259778
251620
76847
171412
87868
211489
166533
163420
106198
79397
122501
38024
250650
165433
268455
3922
133614
142608
247073
211291
738
105453
87169
221939
275789
151023
17578
258939
167549
246127
27110
145423
215843
164981
34932
82831
94567
262489
246252
261789
59982
147873
17909
89753
31402
4460
154699
165017
208093
119868
94404
208831
4442
181573
148866
59351
111717
166444
36386
279266
191691
124520
203810
186654
68622
17862
269485
163189
59471
12953
204098
119453
160827
222007
270230
192229
5587
143025
136366
213680
42014
230771
201631
46456
191464
68593
105807
21277
14157
203217
79664
266872
45834
1570
171622
114456
80456
159204
56765
139927
233181
260863
38500
112104
261990
26827
22430
267577
169852
219820
260378
211866
168687
180105
37442
139272
27819
204273
221573
41976
125587
19333
87969
232445
81927
259591
126021
162383
197915
182786
20406
149193
222769
119931
261297
263879
146758
62847
28672
34706
764
7146
25693
230475
248276
63135
87843
276095
267409
88537
97191
111092
107870
185160
122657
250822
223872
248678
131301
139883
149560
212732
68196
151449
50759
47590
133424
258541
171461
162096
11343
233249
230267
98060
181821
196639
161196
48784
251854
146701
137321
67141
36913
24312
31422
159570
275134
255294
126344
185555
174297
55024
116383
242494
206473
228166
69204
119017
204803
240665
60233
277171
192011
69620
93327
152952
266259
33643
262760
15329
180344
118178
82471
278281
203514
113893
155947
196744
148307
387
100395
40700
116435
277803
1290
102028
3185
70494
221045
269013
90280
60399
43400
61411
130019
197751
214363
175399
231395
256243
190728
190859
92517
52319
187237
75151
227236
61280
271895
93639
122692
151411
134340
239127
147310
196654
59252
150495
46269
59417
137604
136549
119816
242028
258984
28956
157876
252467
204355
107367
226806
174203
16322
98444
226523
203559
173595
171855
43960
224611
44615
166652
94118
239979
123875
241428
215753
244151
171043
262022
21665
87768
177691
202505
47892
154771
231461
205768
125334
214936
92255
131261
107236
108578
229705
112879
91257
182420
63854
135217
125127
108469
19965
219245
127568
204865
239793
61418
228136
189957
102560
28921
277725
280252
231427
104737
214143
242008
89626
118598
175041
181881
249859
61397
8555
258684
235300
160837
159200
17250
14150
2424
186744
95140
789
93432
79125
240583
154850
25357
148636
36531
54279
205481
34879
64826
28314
249022
24930
117940
85716
260995
78942
114695
40488
87497
91475
54908
248334
250676
72159
41605
253100
38023
136745
33009
131455
215870
273592
65426
20347
201348
101957
74626
124925
197860
139452
214264
164978
225407
111324
29815
204498
190266
144510
24107
56884
15106
79015
84338
265782
212198
125943
16098
29341
41808
49107
160797
257678
101820
5343
57146
21264
107300
131772
207214
84280
50345
139574
28378
275752
250898
58193
259370
159261
263728
62597
216145
57954
141613
18579
41832
132931
205547
57930
162273
247355
168061
102190
2250
269881
107533
59396
9242
275857
252192
216456
78233
81657
135150
167635
136529
104144
4949
113996
42525
268677
176593
37790
44727
97326
117394
147583
230258
41037
266537
171651
67512
152694
273841
130786
201696
160494
190182
271962
154447
221495
267538
11800
21248
120784
179435
157778
4048
184384
50894
107598
232181
227487
145388
56028
42910
262782
264635
52288
82939
249268
223939
211476
181083
215876
60358
100875
155490
29661
151957
28033
30276
137591
100857
51524
37495
59412
270326
41543
243797
39316
210165
255098
45924
73650
90247
88834
115552
72978
202146
259516
40343
144181
250112
546
139177
28566
162445
73787
119251
32498
101820
149527
231113
263701
262076
268608
41209
250498
89271
64126
68935
17533
37321
114859
152207
127568
264717
267759
200546
184959
24491
20009
108260
274603
81579
26557
82290
244024
100344
201541
276522
263188
130189
4851
244985
110361
273459
65314
139979
141851
129441
269938
159384
166762
102893
29687
73450
146730
76566
53116
49785
101058
134150
219069
154781
215729
24746
237071
177850
186114
217733
233492
167398
66018
238344
191503
237403
9019
256818
95478
150870
165379
144537
28350
50237
247430
119061
184711
112257
256652
16947
223066
136830
151097
221256
9707
145947
246002
246779
102917
211237
182608
54505
96731
27746
71969
67355
265149
80989
42269
139747
10979
268672
2380
100354
98029
28931
219415
836
202212
255187
17783
204398
110113
229905
143750
119821
93948
168873
145720
196865
98206
107448
30490
255961
135194
102460
41412
179463
244473
144705
37306
255452
131473
100711
134926
229502
129642
133462
9458
110974
106745
88266
33468
216859
36267
238243
115800
130215
186236
261520
106200
2538
87064
136690
37619
1378
18270
79032
180841
41863
2857
279171
76436
195355
97978
211362
142953
6740
62920
213436
117714
169666
19798
212207
104621
56065
168546
281445
247304
72878
261061
132624
136440
127245
269314
174059
128623
66705
32211
88584
108568
96093
146875
246028
9544
23974
175487
213521
30714
238407
145053
209453
187193
164851
200780
70934
36
148446
70475
247340
221324
110656
98060
136884
237901
146495
90063
145644
274224
183299
13348
161912
279392
160224
126037
68056
184198
19620
281577
275936
37147
144727
203485
224341
27674
122361
74395
88735
270807
144871
54171
271251
255527
213256
187255
272549
138871
56439
136289
131191
239738
149638
11199
16346
88982
137236
84402
273180
217880
84075
267212
255028
228802
249818
258489
35597
151299
50980
124332
201227
256875
239527
251598
9619
231903
156950
264
149894
213389
197577
60205
232247
126335
71405
248593
215317
269665
51091
267617
266666
196190
32046
18910
143089
281864
277399
239710
212283
107499
143162
131606
143495
161809
101301
153114
111809
37371
214402
40823
29880
130075
101029
262127
35531
233458
228816
250848
339
59027
15682
267005
255217
47728
4011
177426
47688
60530
196256
259971
168030
57514
170698
90645
280348
271999
22879
171277
27466
237281
212100
57346
146476
31225
98593
182007
264683
106529
211976
265023
165556
227658
29244
199893
275386
94280
95416
102194
154810
70792
141285
101960
189331
30079
192605
187775
20174
215484
77148
108664
231885
7344
227034
96458
99594
43723
57585
143397
150252
269561
187540
94928
276339
216785
12918
269821
29161
169358
151135
183971
240150
10517
65052
147577
40596
257657
114472
121795
252262
191620
230459
202243
259989
236614
77821
77679
280337
135407
196
209710
184088
187737
22734
178524
122618
35652
227465
212803
266034
96697
175894
224281
107214
240946
150978
208834
277724
265451
48725
27202
175167
58305
229445
214276
13015
86387
71075
72472
221794
71272
278
123978
259009
23013
81622
160747
119689
27184
91646
164844
184905
46660
107221
71239
5703
37319
280073
62547
20866
46895
89749
257058
166224
37290
189430
179239
123677
39626
251711
124591
110898
251990
27690
149027
54123
170336
27870
234836
258544
180540
117776
161545
227200
4117
232784
232903
41437
10074
74570
62303
117993
164319
98481
2313
201610
67032
181552
104407
106658
212383
8119
217556
182469
96833
84679
15712
267169
173573
250549
243810
72209
86421
123451
17505
90539
135356
29529
193000
206454
104099
255303
42543
268419
132905
44856
249149
199937
5528
132676
24691
217911
201819
21367
179501
16748
167070
195213
2014
58739
224882
245824
191972
90424
148395
209477
241987
1847
18126
153083
208301
183250
187506
29964
230789
38507
135844
198034
17564
141372
109830
42255
138404
29746
63622
97025
107518
9812
71358
109532
68551
14337
134476
260523
165785
968
249121
125868
63839
46367
58071
272141
229617
245577
81225
178502
63205
217070
155656
80769
76538
44607
184049
275966
74353
26791
91087
242895
36604
162446
70524
105155
237807
205000
144799
121688
205968
173040
247556
269808
219407
23723
39165
167121
48420
120390
124743
172649
55556
280400
253419
193119
43103
155564
187181
178480
243379
57389
139471
279983
219835
271019
164259
175738
255140
88178
15522
179204
261218
42198
228132
198721
126945
46417
144962
236389
227832
48826
127135
62508
47322
159674
255627
151449
94358
221929
109049
55833
279318
27640
53913
278273
16756
218172
233131
271896
85470
248653
230220
64784
69971
237473
42625
257940
1986
248612
212425
8938
15534
57656
71447
123880
278354
106194
275329
90808
46219
102474
146642
104657
191138
261579
101026
207894
197847
52253
258910
1413
80026
207227
127221
211021
162796
169846
187057
225806
136554
117579
13865
152088
236259
85312
275968
232710
191506
48513
102638
237726
212011
249280
121503
121246
228955
222530
108260
205922
53903
85267
268359
133930
71614
113676
63047
234410
62643
29225
239336
260221
146804
253201
191430
162183
117633
246518
174013
27236
74152
276652
44082
4259
244028
165585
186529
252104
167235
12886
176122
221139
159177
223602
134189
230791
116398
258260
244321
240065
5581
201753
218383
213409
234075
188933
154713
130828
153547
46822
219088
227699
41570
42290
11079
64719
207876
258632
34919
154231
271518
272065
154490
148791
213763
67799
97678
109282
44156
60095
67443
110761
40969
64946
103291
54164
253879
258004
246016
186547
83946
183201
132342
125517
225491
204445
251260
212487
181174
4275
84815
231812
55460
18425
159724
48344
86225
36522
157626
191405
157642
225069
81286
198611
8112
184577
31895
41111
221701
277911
227658
23744
240232
139121
210285
183820
61662
179641
175427
21956
244940
260242
253769
18496
57788
131589
66840
205037
229135
3586
114538
104873
7776
256848
21580
76912
220546
114499
118023
221367
171531
63778
245111
190883
202899
234516
92799
43681
193277
268227
65638
156313
25685
98527
235834
144497
9236
81794
67630
238371
146405
243192
61341
154181
218137
143945
231093
217803
37565
67212
157266
270120
130990
120474
179099
113009
134110
51019
217715
45484
37342
62473
262821
124051
161000
277775
268549
231260
77666
115299
248751
224071
76588
28188
157372
73845
233158
106561
9744
49843
234797
167010
38059
83884
66604
217158
257917
200715
268177
193728
25319
84639
256201
67260
269715
196321
63132
256360
206701
201822
150779
173549
205013
227367
262761
80481
80332
275039
187042
90076
42978
139935
257087
81037
2939
102811
77316
39977
21622
124613
12825
107965
209253
48147
175226
197064
244468
238358
232544
230290
219300
101419
121935
142409
107907
102792
2010
188239
95928
189052
278316
199930
108107
32619
280968
172071
135430
137404
273072
218077
262017
3993
105162
189366
113164
280388
165550
75729
15962
116190
24115
14382
278634
207074
156791
104637
88986
158801
10972
245938
126973
68408
163965
14201
162051
224053
247296
76602
79553
238464
12775
120690
21577
178961
28153
134742
238470
254727
271495
33552
89014
74730
47935
146768
281804
265750
251405
149910
142648
262377
113945
48741
109906
57030
62942
271957
281083
89358
66655
139756
106942
140454
260446
128520
37512
67719
42382
55102
40543
31973
88654
190581
167727
136589
55445
228651
120436
24946
96657
42204
66443
210602
90945
237373
267632
214912
227427
45931
83390
73202
185687
190333
213657
164230
36949
30289
11069
140355
85391
51612
172328
174045
21313
58151
28731
76758
4898
210191
162728
162579
252395
8292
91278
122460
245665
138030
116492
191188
183962
199883
264391
148769
108312
257168
31095
206285
5553
103189
64736
90944
154801
16184
44109
176115
135359
72840
31993
201281
62151
194722
81956
93666
203014
234258
277151
166775
90385
111739
137084
53467
90742
180595
202236
199054
155859
12452
184459
161412
115641
28315
31476
270442
105523
75585
225677
240882
209450
257671
160259
271601
231513
21336
144388
152623
255594
139635
98518
64075
251374
235602
117542
60213
195317
98899
38387
69272
111351
1967
230684
226992
30282
41280
276554
135806
116866
220328
155808
105436
257119
95188
156157
206728
116524
18641
138471
90214
158276
16109
215314
188771
30832
111976
28104
226149
210875
66491
13518
40322
129482
23322
267314
220789
64603
41085
74691
242493
261413
9619
66025
15748
104807
222182
222476
221331
19944
140067
29642
178220
156176
24076
146111
248032
136052
174215
192278
65024
19827
266820
166370
149309
69262
212805
88194
133865
253890
223909
155478
12519
233529
623
28267
56432
1926
29863
56884
21870
169930
147550
261114
105226
171626
125322
71355
25774
78657
42753
151822
98484
88693
36289
247794
157955
249094
54084
70941
200
57114
226419
12719
8739
6163
40986
126195
8089
70849
183079
90983
19899
109749
131217
125125
281375
35659
257504
25246
114317
79377
238092
212801
168070
274381
178691
44122
20691
11896
115063
20891
69010
120602
94634
138773
126765
196644
44088
195878
267493
6288
65981
66512
116037
197199
191638
115509
232858
228262
201779
65271
86760
157967
278073
33950
150445
235884
139096
232160
247780
254159
32172
95910
153882
187830
13803
59767
102571
57892
34766
88160
64180
100747
154673
180217
77066
125431
74846
28021
132813
276625
154316
280597
152689
211509
32644
82254
165490
171740
93534
192390
205020
186730
67421
138022
92657
81224
197789
195228
139116
232555
1484
264320
112423
217181
223658
189489
121732
16600
278534
33666
72346
150947
32359
4155
141576
126027
147433
86186
15864
240967
278577
4
145794
125118
138026
238451
206342
53911
212799
124579
65587
275307
106995
239034
210585
48749
146619
111437
126374
204274
145103
198720
134341
177463
202875
275917
82610
129428
80200
98474
88491
137897
98478
13405
263015
15624
30976
187453
130560
243775
91152
196147
237179
198148
214301
226884
26017
79016
117441
152391
1386
262545
130231
135727
219128
112226
190765
19834
241654
270965
179333
109266
187982
56931
122671
169093
72556
214672
135666
203116
237567
226819
178383
253866
204087
110780
259870
230104
250820
95408
161616
31327
76049
70967
228078
74297
183194
136939
94131
203968
187024
52584
31330
93102
109516
215026
262195
182072
208818
176982
164308
164481
121897
60787
136444
105104
232591
114410
53304
201507
270842
275944
232834
64987
65008
179009
139284
27322
34044
12536
10410
221069
126144
41741
93291
235660
35887
73583
135828
244705
250565
18232
188306
151582
140043
103870
256686
90730
279305
89110
71358
268243
144175
22288
51327
270207
262321
251635
15625
75486
43291
87059
75675
169436
128800
168966
123192
225711
242549
38141
188512
272234
117397
94915
202936
36561
198785
238742
127291
196186
45949
198649
182526
190124
58
12973
239451
262379
43728
34196
116985
148044
121255
192660
35576
250056
79723
219792
193863
101392
37053
161496
91723
154451
256411
73779
252036
234316
30618
158447
209623
76567
75193
171269
45811
136275
245266
3358
177774
7090
37554
12856
155134
158809
205516
251734
187985
3335
250647
160969
104728
5796
40561
257475
221271
76092
49350
191403
89528
140992
67947
78271
217559
204164
249540
42490
119559
273926
106872
15429
281017
144426
89309
215271
82356
73946
246126
270341
77281
214869
210430
243033
220665
250991
279628
221057
106203
108099
130556
195732
249091
259527
274003
245771
181787
20760
67381
19442
12782
174254
95896
11895
97800
185205
6287
180156
259151
31533
229618
115553
246402
158144
137706
246187
188256
196455
185340
12555
83674
95017
208287
50861
72640
200387
75752
33548
221147
143134
114014
13049
35484
209910
85969
194308
174236
92256
92561
212507
123789
101299
107180
149311
259443
24007
174618
165795
281486
78055
239375
83256
234096
165758
195141
85856
145265
270894
119404
145532
193148
12539
158582
7752
1569
244551
202060
236829
115927
12717
167433
18836
175040
53733
229171
152580
138764
121885
97495
138346
260964
115990
221602
213156
281749
134840
78133
206134
184854
258561
130787
96098
271100
68489
103850
272670
92160
85030
6715
208087
97748
235172
6043
51908
7002
235214
204488
145766
136219
81104
63233
115280
197094
2931
107556
257963
198795
185689
243218
101745
162347
92101
258867
212567
221614
80813
264357
31870
165844
271073
19077
42712
224341
25120
94620
10463
39454
78229
217254
175673
220357
280487
70073
196571
62538
177630
233655
261334
142439
194969
142199
83906
66190
119163
14570
66924
261000
58047
98794
144940
47216
117871
248676
50678
204015
122417
122165
22589
261670
57515
198262
261147
56098
268336
175814
179661
225086
127565
159091
85621
101654
19386
169528
228868
138549
245122
13888
178670
21265
173706
41706
129506
9673
69503
180184
274712
252944
20445
15397
232710
138985
274684
272977
256107
40236
166887
153864
265322
73573
92075
130063
236251
172486
17687
183216
90155
41929
258128
268825
124219
149931
28628
253725
220628
159155
213029
274461
191219
12594
7954
203049
151579
61758
194122
186807
101994
79105
58767
85412
213702
150843
215476
168050
41425
12283
130386
131580
115237
167634
118502
239456
96685
208154
211277
35410
146429
142402
88991
55744
216020
96945
258793
85696
219728
232035
51623
39818
90260
110390
186255
22059
40353
119827
251133
142802
193134
160639
274383
26467
46369
172005
265923
143055
159279
256320
239489
84828
177842
107600
201596
111959
265569
178485
258679
203393
189640
28398
243212
279900
199812
147563
81079
240166
46510
50308
101064
239644
271971
154567
45232
36437
105692
90275
240516
44091
64692
259125
128919
242534
84821
48611
133613
68486
6216
110388
271880
195856
199810
12308
193853
117719
159871
54052
137005
267405
104361
238069
4265
94428
171757
49497
191889
277449
200797
211525
100661
265489
188746
229580
5239
52687
278192
199877
182198
63528
89385
233198
38505
7292
245506
11478
186035
184497
65530
41136
169998
169891
58325
174263
43440
230082
2881
235329
4748
203678
225975
105409
248287
193841
114109
32646
246529
171421
11643
207847
234950
101029
159141
273455
169345
183767
3029
73476
147384
129583
175636
35478
17571
233961
270765
122035
243164
52766
136484
247912
35564
80555
132441
62971
274397
25670
156642
239022
197092
168285
225989
211162
269314
103226
263737
217779
66113
45886
9351
213497
175469
246011
28095
254064
198069
16956
94195
220353
130747
230680
186361
166311
29331
97922
8403
21824
123592
165045
39966
99804
51426
265955
29062
99861
148301
10895
35736
214414
56781
106112
207031
232251
70219
235126
204411
47408
252083
77727
267761
161950
26503
233242
107381
116858
110284
115784
138683
12997
280829
239673
112801
111376
2845
141864
272261
212170
213783
26093
144681
49685
193229
69808
32
42569
23031
265467
89977
54234
122314
136859
277208
148817
88197
102685
265676
198482
218470
183479
211479
278419
202272
103400
107891
266141
245264
98248
196408
238168
185366
120209
5949
96691
251041
67005
139260
53192
111592
8358
107426
233907
145217
102730
100820
233414
266440
145616
211016
203006
108215
201615
199521
89608
23112
86533
73845
47496
184781
49373
64784
149267
169582
70733
245959
138720
137738
164339
191912
249331
172697
78459
201334
36010
242213
81274
48545
226749
6011
38681
208875
175250
240297
126493
43978
42529
274050
117824
90025
176927
167197
154810
105315
54876
4663
69370
254620
142402
12829
164628
170853
185527
22207
151307
657
264421
11701
49202
270290
17712
148908
197262
253987
107301
102875
16061
210854
95021
133885
79999
51068
80203
13929
156383
196103
18593
4873
229843
222019
17703
173591
171992
264254
195799
41395
264911
239340
53096
93234
6846
131833
242142
204108
103916
128563
86103
119977
57513
181124
32983
137512
11313
174210
151442
167696
88409
231059
233594
36348
171174
251297
209939
61262
12767
184858
163681
277678
142294
216777
150032
149141
66706
171294
132369
231646
78977
218473
69720
136490
178717
163727
53123
190030
56033
265589
136847
144442
214744
149561
241814
165038
179978
230873
5420
192745
133828
169101
249543
276122
164998
117672
204383
10825
68086
115873
242471
147064
52442
91311
1650
10279
255038
115797
261334
29167
160506
116277
234633
154370
265838
194543
37504
163912
143513
103948
135777
56461
52169
103416
111703
278192
221088
34183
7113
68295
150056
28704
215359
263522
120016
278033
273801
154174
111927
253231
183342
51553
148628
136071
205924
193586
109735
243428
75594
32368
126497
272395
88829
178666
93908
200532
174954
94116
234715
243091
162411
163891
271796
95866
145509
170932
91996
198431
43202
264947
169758
5664
34596
97507
141736
240520
9189
30591
263069
145808
62959
168686
136299
212812
126472
230207
131440
80547
42420
145276
41734
204831
27263
92650
79818
233797
263582
232838
211348
85905
276905
99202
91569
29597
196709
12425
49238
205899
43016
91427
69803
166999
260113
267126
97907
165705
215430
229348
246252
257850
92720
6083
241801
181007
98733
100739
193924
141436
51673
123368
227341
46674
1691
37006
137296
259424
49432
186534
244443
153472
57081
93366
38568
35290
78589
136475
262019
12115
144943
226368
49085
237663
232451
70006
197791
110304
170746
170835
30860
222419
73324
258201
48214
75015
74328
185510
52535
184784
90140
76099
56352
208245
169465
94920
22655
248054
231396
2770
39289
155459
229138
149398
111219
240709
219405
88130
69110
108247
38085
160994
109786
111409
198316
158000
247448
272644
61606
79104
175524
212770
155203
10996
139111
42764
105917
161766
69939
116433
164537
170252
271892
111771
37747
162231
70577
257152
29481
200711
144519
67567
140825
33425
240000
57237
252450
205545
47977
32152
2745
2621
24043
157948
13618
224178
261736
180559
104041
110795
76112
47698
281048
127124
220493
97915
7452
70190
134187
97957
50021
278706
226548
190847
91251
184645
248084
61797
108286
75182
154974
172055
77803
179017
48099
152445
121291
88955
51100
4452
199751
188236
52150
259919
33457
51764
75930
101933
121954
210117
199890
171976
267943
144535
141943
77290
108300
108123
139088
216586
183305
12158
106737
40229
252199
215860
192674
91586
22911
22895
157063
1782
211131
209213
261701
23708
40097
55727
125641
162052
44964
43628
113148
31003
249187
255091
169318
75583
142334
26502
71289
43736
99684
178026
144989
131003
173006
55759
222589
256941
139678
158772
258724
129930
147106
17641
153638
187203
134393
279280
67351
179357
102028
241523
271385
69311
214710
158799
205918
136165
246325
277207
179901
64105
234353
104010
195108
125455
159769
196817
161516
78568
134710
138336
208498
281816
155978
80232
187115
69491
138632
254467
248848
240660
275110
238329
89091
268941
115224
74129
123202
79645
69432
82223
204774
82905
186233
179002
269384
125122
154940
148997
203690
7746
66453
130284
7658
1551
271541
194773
71042
128269
228360
99011
148050
221567
55436
16261
269628
231685
90391
110926
90450
220847
193149
13321
82873
158502
253347
70353
1720
187407
280374
266435
195153
64924
114815
263835
66475
165476
237729
198542
72866
245209
15649
36
245896
132109
16297
233620
81890
167712
62642
172341
167680
34911
246686
29673
254437
279153
100026
256158
184657
159521
240689
158930
224445
134624
140862
70040
79221
157711
47702
152087
121016
63351
152123
85009
195461
229444
36725
56471
176277
160392
228812
123077
195303
254618
152750
228861
251868
31896
203115
215645
191417
222924
92671
194982
136668
12653
44143
215889
170364
91845
147096
9477
216221
78339
155510
190802
86904
192235
247273
263181
70723
255206
165378
45147
227920
97248
274008
258908
129144
256243
253673
99682
258287
125465
73784
174075
138118
178951
169085
87603
49917
34277
158104
266138
112617
31710
175036
260545
3065
201429
241822
73789
174731
186320
179960
181772
1664
233088
219800
191832
207427
191570
70634
183810
35131
205443
75981
234273
102490
245066
100996
152407
58464
259100
197665
232105
69930
151821
210746
72996
71347
231688
207809
25198
136104
166889
206970
198792
118073
144867
169744
43596
54533
240379
6526
150688
224942
143531
103057
45528
167718
204054
258960
226182
242274
235745
176383
30301
105663
166249
164321
238034
116033
90226
263232
31257
36235
188299
9169
154308
112286
178913
197904
166819
198412
204430
96627
141450
127081
199684
248003
12895
182858
4179
239077
143229
239924
194580
234554
63683
139949
177995
80837
35102
47341
62166
66359
83576
29585
136552
237884
141871
94586
153884
87810
11094
137434
184437
213569
264515
163241
240692
277411
64196
244871
13704
268449
202891
269309
219
45695
127354
178214
126532
162457
225555
249722
7936
27227
279307
144489
44231
139274
18195
198115
6204
29289
114669
190641
21978
158304
133003
262670
214835
197199
225637
228540
244768
207649
276969
24107
253344
183443
263345
97972
63996
268020
65791
132957
74367
124218
56566
118598
263493
74761
34809
48817
165074
210502
239459
187053
86902
90558
228843
19834
66877
233601
27494
90765
159346
22559
175896
130786
206002
157337
7878
49119
143453
73669
182076
217820
197888
17762
54514
240501
92523
150347
7414
257597
78945
25993
223770
226871
177575
170710
246705
23572
122407
274199
114337
60873
75878
8329
191659
281881
226690
199537
110120
88239
52327
10292
85179
29335
28054
139693
48956
181601
69160
117394
218318
148105
204412
160185
154097
100083
110015
118898
123656
11542
111194
17113
72415
187072
86467
43194
248073
31253
21851
76289
180517
135202
147605
265696
225561
236683
123486
274517
136380
192646
171032
72795
119872
93540
12100
273969
254647
122115
171987
157423
194681
62301
235561
267096
28494
40124
89410
276567
132401
111261
131977
31014
246464
279582
14807
190121
13482
138293
243759
210886
110059
132887
1777
9051
5547
74901
62140
39314
258040
234128
257762
170817
75549
211419
217033
104043
30663
24539
159731
163064
135801
9804
194079
161385
68506
208886
130626
81988
126299
92481
10971
15478
4488
73772
85554
71059
148674
147694
110374
185834
160942
147256
135772
236492
76771
70901
58631
168458
156465
279386
49618
10362
7286
22817
232771
75793
231703
81493
218805
137122
234999
229776
213625
239487
82669
17275
28643
10463
164969
200041
196297
105032
126417
50165
59620
203188
182091
179275
89742
56652
176758
200384
128038
245068
223202
78905
99981
234025
221422
36883
89244
174517
45779
81989
193125
189472
99264
888
199935
43353
261953
175353
148385
106466
4638
269029
88774
186729
166401
239540
22501
122279
158020
150539
85443
99318
8564
185425
112464
229987
1428
262732
183624
108231
62817
94845
15800
162081
95733
215735
205434
75782
170208
132940
182248
174847
120065
50142
140696
4562
7778
163198
187865
165799
92857
273309
44237
101422
237854
156701
110529
18402
198553
73273
126633
261370
168119
142433
202571
42972
76265
126102
179779
25593
259042
80123
200440
158227
130266
120257
223814
199068
1551
129775
82963
155432
182204
188225
256854
138154
63022
146503
156556
40696
219777
62310
20162
167016
204743
222734
209988
60128
127956
107863
85722
166118
249011
65282
42441
158397
185539
266255
75561
248114
114127
219549
121643
75451
125870
157617
213606
249916
22217
149282
8708
21114
272616
28871
188130
195456
30725
177238
255584
158681
64222
120426
42895
92353
185709
146360
250750
150368
130712
105431
116579
23959
43076
238222
99410
229970
174959
92136
197983
197176
20539
267715
279314
11251
75706
246564
267731
106431
202923
241412
44232
267145
140958
148151
77594
44763
12608
107464
195132
204344
212895
90831
7423
35092
47149
167857
265062
222108
259994
242165
198405
59653
227977
256839
131928
21779
620
117756
128211
203543
138288
233467
188784
279246
99715
45498
103130
112323
152962
77382
95787
144977
168213
103210
180069
276386
271067
224252
277614
28277
184513
255139
87930
130586
230075
280883
213390
230695
116735
120721
152334
34143
72284
120238
92509
171999
226760
195639
63442
97818
52141
159229
21915
220354
262439
201985
275860
251603
144333
271571
279880
107966
244806
146931
17673
254001
145910
231063
263816
41765
130904
195270
75908
203188
94628
168417
154308
39484
143177
278774
198326
195318
156100
220242
194793
136635
201347
188749
167358
63776
178416
226359
232766
202343
152410
250439
235464
16416
260622
217377
119205
109622
191767
195113
91931
4492
142650
25359
105000
3923
22229
21423
260266
178329
241665
173155
94085
161108
80000
40563
4004
37537
266922
236770
19000
137428
266330
254464
214868
245048
250961
52169
72767
221849
26402
225722
226341
169053
251081
49437
234000
273310
131884
212362
169736
91645
164637
42941
31873
244638
83504
96901
61295
68523
51768
80295
266975
97218
113879
260964
60362
143961
92253
194153
83906
118656
137971
89367
66829
107148
199828
79949
159579
49809
71432
47411
202478
236069
151376
13472
259827
234880
110373
39218
82523
223165
180537
128619
38479
73537
107679
98842
217498
199932
72115
80524
36684
210087
230915
164537
96355
148839
244487
35054
259672
34015
82465
180247
270084
12961
193719
27128
247842
22188
66346
48461
24474
26004
177080
62953
99541
63879
222819
96159
42932
13031
237707
140640
2238
186718
23274
98593
53653
267761
133648
31422
80896
277137
272693
69076
69219
245532
96204
35157
267720
223575
144642
71314
28699
100843
134268
189264
164722
75183
3519
207654
88214
20346
66391
151476
207064
150689
29190
39837
136546
223862
71259
217442
280119
123072
65638
67434
86700
222867
102591
133541
225562
247234
204855
254261
127197
57219
161621
10015
193427
226164
278694
60761
246510
124205
212238
171670
274894
241428
272531
190560
183386
122911
126098
181601
245983
252760
249036
50780
254747
130747
184321
198405
157101
168296
231786
2394
4636
111503
12410
198063
116787
70224
258824
81393
194429
250182
32183
187419
209706
22811
96075
172212
145722
1293
71910
170825
33173
100066
221605
6017
230813
185046
265446
106011
132463
215329
108405
137099
105952
181839
53258
222740
252063
91202
83253
225612
59481
176461
131127
48307
260296
6322
220520
185138
68639
10526
74059
101813
171616
74785
168854
120525
38951
152396
226536
171414
146845
114062
26609
252798
13997
140891
254658
45181
232094
56007
270793
9671
11588
181041
57978
271884
187363
57618
175118
35123
68144
249178
197960
239760
103083
84910
139406
142034
16426
145062
31545
163272
259124
119178
195190
52242
260070
167944
97423
210260
3071
86312
280955
14660
267353
118053
65664
233837
175672
240783
268960
22936
269081
185016
41817
151284
49046
181223
11414
65472
44381
103983
7864
82626
223162
203054
134868
262352
150118
232291
251732
214214
97723
250783
228874
144197
86932
73658
96130
41724
93561
144210
64661
141762
47322
167502
11142
96368
66821
83581
222864
172226
187564
230729
33972
189846
212903
168840
231318
81118
180251
201146
13428
277975
170025
21422
140268
36078
95080
15518
138826
249666
159728
264511
109524
207050
150109
120667
82538
216930
204248
23498
168277
170932
33347
202249
139899
246251
150210
89313
45465
48557
8556
119917
105652
239605
141339
25040
54803
15539
40558
193630
265205
200286
176237
92826
186456
44443
274517
48114
40493
257885
132637
208770
146913
165984
190140
4908
130331
58446
155246
175796
168027
163802
74833
273680
182527
216172
16816
237331
10832
57375
149057
276037
36781
43390
147983
2358
148857
201620
50472
189351
177601
183109
177241
103635
128214
85477
108543
258545
204947
42909
213462
91071
267735
6391
82847
168359
1684
160687
123786
12516
218062
272843
67673
33964
95353
276681
97346
244211
196397
147818
212682
92095
110048
108019
195730
238262
254521
83393
275927
177564
126303
207485
47755
112134
213877
130602
59613
215561
70410
183399
7197
67592
235362
74870
101556
109836
69647
198902
133167
266045
125841
63945
137260
15009
171964
51086
32391
144581
195503
26414
101266
39902
233900
149021
213061
226897
58744
51794
160554
129154
235194
167751
196746
249676
21741
77423
77608
91389
55445
210775
136554
242310
53840
273814
257319
225805
42996
7806
149506
17619
34221
29892
118546
47241
239938
49703
274138
77802
162521
213812
206956
176835
99659
182822
144608
182424
39365
1336
273813
94811
273136
128463
55217
45072
120373
30633
49997
224393
99463
260528
242013
194708
8516
78655
241949
248454
189382
234183
44352
69999
166091
30428
246835
44870
274275
170563
227295
31736
232923
280228
126547
224155
126788
242789
48348
26281
52542
159369
29795
152005
137993
271808
125834
207534
129583
85879
235108
98085
99183
279461
168084
265274
89009
194039
89265
81380
143722
34656
174141
94742
94004
79808
98017
220792
40693
207389
26194
154259
84855
55989
85385
1968
106917
211219
209502
236500
15194
162707
52681
114377
221288
281789
158772
28393
254949
248037
170798
116767
61813
124059
272533
155817
203867
88647
155730
23681
14132
181924
177940
160011
17033
263325
161980
123950
192640
89578
139570
268859
31405
192251
101332
252693
253160
260104
60207
226205
5357
231005
61069
67170
134184
112722
2108
56147
201369
218862
79828
276526
179906
257769
215657
196939
18310
95733
100009
210951
246336
239579
197906
277741
210950
78358
27651
182206
117583
87858
187532
122940
97983
27721
251135
232167
140443
32363
67434
59909
251225
147263
115555
149227
184152
49308
125286
202462
206066
225295
192533
170498
243994
169559
227359
173040
27038
34130
134366
144621
121988
39994
46681
280995
67715
15912
231258
269183
48275
16789
47188
78620
225076
223767
6967
188348
273075
132253
108906
258261
136668
80560
146855
98758
29239
153335
271798
56277
187465
185285
200898
88574
225279
26700
87665
72115
42612
98044
59394
151912
175857
167606
230532
119029
109469
237500
25473
161664
148873
195403
138022
3638
55083
63997
102396
145347
278356
153315
201624
183918
117720
181643
272492
61095
208343
139277
194234
30075
237321
32748
181987
131274
200354
191640
29423
88943
208260
115920
29728
136253
90444
228774
139891
206551
71891
21408
69994
68344
235747
50739
31382
71563
232382
82994
193682
219845
222271
106013
249920
238713
138761
211028
149107
118236
181788
239555
268203
169168
73571
77051
23517
225039
23921
163409
149687
156837
245841
280705
225181
199684
49540
35683
271247
18
118677
183025
280887
59044
68158
28024
76877
267944
239052
225985
104276
199960
183636
151599
87224
36327
228651
110741
40487
31692
53270
251198
188529
17207
249999
192830
277915
17636
228513
267258
78678
126310
168380
77662
246379
15658
105686
41352
1698
123858
46457
105974
102938
9213
36694
190162
106565
44465
80023
147052
76157
194318
116346
43807
272549
84441
15757
268561
102077
23391
253915
180756
149701
201415
37538
114176
217074
204248
155529
218772
46202
201986
103867
149140
272224
140561
118422
96885
185026
259469
243937
40303
232907
78379
145134
223553
223844
160892
210210
105042
184283
243245
64918
52080
223781
102456
166257
219975
24800
100906
156843
132026
82012
39830
60286
72332
241415
239732
169217
205561
278321
131250
245865
229325
270653
170119
170974
273618
49107
160304
96756
12510
121645
161674
64591
124546
43250
9968
62617
129074
110874
280485
40220
253910
38411
161530
44339
279827
119358
274580
264508
115775
184951
7589
63196
173700
177709
13290
226438
226816
173594
41290
18447
74360
263988
83038
198906
86358
154030
261524
276456
44024
260105
34772
16030
77636
196302
121393
136583
94780
114070
119188
210556
17117
126777
52872
251841
22582
66163
196376
28519
18877
16786
46966
93237
59895
191028
10240
207277
124178
50884
201830
168202
90109
236602
245256
167745
212025
84746
83449
24901
259840
202637
14577
56077
108534
128474
26014
192141
194637
1510
220660
213514
79321
46746
85872
200240
16894
157136
125613
141072
269044
45539
88394
77249
61262
51746
24114
52407
197516
107563
77308
175452
89320
152910
231529
197855
281384
36664
108092
255141
99198
107872
247775
178519
215642
51743
96855
232536
208879
1589
152728
257043
108152
241122
52388
169414
10964
137527
941
269505
24210
139274
224077
113531
10280
173703
90506
70784
271391
198598
44021
88685
85590
9892
267205
19328
122660
143180
251864
49635
144769
122688
85799
252922
81906
138187
201456
153894
54834
263422
202519
79045
120792
144693
192576
131072
97516
1178
201856
87003
260800
24997
236712
64486
34889
1133
83814
157549
144314
114798
268209
68203
237486
72104
100245
98512
271315
80822
31526
44246
62340
234046
123291
183132
157859
94987
93324
255375
157189
74300
121498
136085
99297
76306
200571
195210
77440
63505
70856
874
178303
118185
130101
133885
251313
230347
11517
240724
90289
104067
64090
152629
56209
248405
114881
275092
61488
208205
27683
218677
601
149181
72858
160922
4608
52549
74228
143072
116054
206108
204970
73477
42389
53167
268386
72822
62634
279903
31643
152923
102067
156757
23648
219300
123259
138529
212489
184747
125854
240172
182545
126455
168474
255403
66497
234106
87073
140726
156298
264151
64930
79364
55725
168344
193555
42207
241166
256190
101231
51929
127209
203298
208687
211882
201718
111066
68507
132303
13909
194362
151596
257478
99937
99190
230978
166435
112416
97171
86281
268714
79418
151211
66174
196167
98675
259729
17495
57938
13135
118726
170891
140345
40120
158698
70323
20958
269764
199854
153262
62794
173336
83978
38368
52394
244192
48466
279853
74704
145637
84230
122538
4176
14561
188712
261367
113237
227561
278862
232199
19817
115684
121186
160162
216828
59005
9605
237787
46865
270483
170169
170683
161916
33267
209052
214310
56579
36638
212259
131283
243300
14585
253821
26596
29146
221653
6059
203407
228334
64042
153702
248151
240750
54009
187433
236699
113014
197038
253606
220903
185618
202895
109683
126654
236162
97855
120084
71861
195517
50439
203144
156913
126048
236085
244533
216218
236858
250593
137722
244312
93755
70544
271584
52601
124553
177113
68420
16687
153272
40122
237591
118010
243017
126394
244664
258299
3369
82844
48256
198886
194307
251400
134920
99475
266605
97549
94813
679
127262
11655
244992
221017
82200
234672
52739
267777
190905
121159
2561
62273
161282
19272
180283
122395
206690
204067
98791
210059
66031
147047
188065
39458
177568
41081
138933
223293
199655
233747
3093
45013
24522
248085
266031
106722
261877
97890
153620
170878
219049
156181
12272
98427
236477
253579
281847
161263
175743
159758
150442
20894
85925
56603
60353
42613
158709
260310
45027
76460
273177
48120
121473
15796
75325
166624
122518
55298
264514
276138
5296
262684
211439
17568
140231
227036
50268
140174
106395
5131
79052
35957
26025
164978
92561
147402
268615
251270
125809
31738
106850
117082
79858
228323
132878
155183
174068
34517
210481
156678
89775
276802
137458
19311
73490
277690
25467
123758
196984
192887
128889
55157
228844
215939
220135
39501
81437
267870
69891
207246
17705
176741
103449
97563
184185
236327
252747
76349
270844
242348
12147
78716
16366
210630
159051
89857
267440
184518
274639
243544
156525
182649
16797
103466
177708
16052
203991
259145
2019
273883
245512
19724
229744
67057
178311
193049
82504
210178
48518
71445
170623
60666
211185
248013
50416
149356
